794 139.650365 73.4160988
824 48.6978857 130.539354
603 72.3374801 148.240077
478 33.547927 97.9428604
619 75.1799308 92.9461589
711 50.2438053 101.458016
839 85.322703 151.874328
411 98.9707194 105.337612
588 46.3873924 136.042703
665 98.7221094 59.68913
342 103.199526 153.008427
733 38.581616 28.119507
441 50.9893299 136.781101
811 102.088832 121.561437
698 49.7511277 80.2121132
325 70.5230095 141.768041
414 73.5158072 37.1460287
113 39.9323442 65.7932782
971 94.6628367 150.382624
266 116.232196 127.009554
617 36.4567352 126.16907
495 114.215741 29.6310476
473 27.2544581 150.92274
959 106.446053 33.9145179
438 88.9811101 78.4902524
571 133.352123 58.6327383
92 83.2743306 96.7373231
399 75.42182 130.126672
426 32.5583821 145.743461
844 79.8916566 65.9395925
321 85.9317416 33.6009832
606 104.896426 110.203398
957 74.0495835 79.6438173
833 65.7515349 65.6793727
843 39.8594792 58.8499977
166 74.0416938 42.6337468
339 141.097397 136.331267
909 117.320961 84.8024466
829 72.4193092 90.2089021
766 111.08756 140.833862
392 126.3468 91.5016175
555 32.7664164 143.805009
33 27.3469863 50.5795037
728 41.3118776 51.5646793
656 138.100334 32.1080402
394 133.973351 93.1724637
366 125.343157 93.7524586
96 70.6823917 148.444408
867 81.8844777 164.876048
977 53.4885877 115.793436
741 62.1030711 25.7126058
436 68.4303534 73.0954191
323 60.6071647 147.529613
3 106.056929 71.1187671
814 80.2996574 46.1299349
375 47.8418268 78.0655124
467 87.7070817 51.7450699
604 144.842877 114.294117
551 37.5328729 28.341672
706 122.236819 121.152718
647 83.9211682 44.8055569
25 135.016527 79.2737078
250 76.3907431 26.4836884
124 119.461779 129.365471
547 55.9468077 93.8531548
701 128.228796 78.4300563
197 90.9881103 113.27485
613 108.686818 42.481113
630 104.827725 57.7240982
767 100.521191 163.349749
679 75.2629379 142.576229
896 95.0089627 85.2246504
403 57.7918146 36.493866
519 29.3905238 105.822099
482 66.6505438 52.9552877
252 92.7594351 104.015548
600 136.231016 38.5020729
14 120.283076 50.2288336
260 116.021259 112.747197
65 47.6614596 148.18673
753 118.739804 80.1467111
174 108.606587 55.7594569
263 96.7047424 68.2871918
253 68.8238494 72.5151142
557 102.547239 93.3755393
897 75.2235845 35.9447919
98 119.560711 120.624482
423 77.300517 152.601944
361 28.0031869 109.33951
409 67.3389229 46.6162265
312 36.9528472 78.0684363
854 86.4100423 57.9952384
160 102.04716 91.3713112
735 56.5794408 157.190621
608 104.089447 29.8303511
122 97.7213689 85.3747551
93 69.5933502 34.4155212
67 30.7888813 42.5021131
906 35.2971959 116.669815
34 74.057084 35.6824854
921 95.7911378 77.1305916
401 55.4983812 155.645599
536 77.9241725 77.9066288
953 112.68448 59.9586339
370 106.81224 145.755601
614 138.499046 95.7197897
998 47.6576232 132.211882
805 59.8676665 75.0516445
235 27.9889807 32.0817084
820 81.3607333 134.232113
650 45.8299685 164.378675
791 119.934704 90.95202
324 144.48915 34.8852934
442 103.254788 156.728917
633 39.9488903 105.311158
109 50.6898812 79.9013786
780 68.2970847 46.7038351
492 131.551591 90.2382629
965 38.741469 151.718209
778 60.4100169 145.788276
337 121.460871 146.16755
259 81.7357217 40.4397386
955 109.205727 119.740495
752 106.231659 115.252862
886 99.2583129 162.877734
200 82.2406279 31.7787273
384 103.58714 159.430647
518 108.608779 91.5613894
188 75.5769226 70.7057988
161 90.6531996 72.119523
486 136.538528 49.7308677
406 45.892511 122.069681
940 59.1383429 104.341206
237 38.3703344 80.0549859
465 121.711058 34.406104
591 129.835311 71.7507485
570 80.5000041 57.588004
429 35.6176343 48.405746
278 128.846223 53.5125406
927 59.58257 25.3613215
59 82.7180974 71.426077
218 127.442877 124.004011
291 58.194173 73.9478994
668 116.122394 86.83833
682 90.9456099 127.300369
775 80.9097124 152.521505
527 95.4892695 137.074839
108 70.8337172 27.3200414
190 92.5622072 119.477431
232 38.8525624 70.1377629
405 128.249872 80.3167948
273 72.7589688 161.917348
813 109.66029 152.64495
444 105.470912 113.037977
899 54.4713215 150.823371
738 95.9553187 72.2444237
215 55.7229539 139.552453
743 25.4194895 25.1056543
377 137.548562 110.511032
727 113.132808 38.714501
363 41.5971015 162.564183
117 127.234771 99.4072105
420 71.6032131 30.373275
888 133.276314 150.496326
784 85.925787 138.746347
413 127.563364 67.7255893
695 45.785663 148.201385
609 85.7613473 132.872408
471 73.5045097 90.5430944
649 25.0735261 154.064292
946 48.4069779 144.84182
380 72.9186996 43.2169181
383 128.398232 85.1747002
44 99.8225277 156.503583
433 98.7303576 105.973446
283 113.715738 56.9534953
474 61.3037422 33.0592313
233 52.0854643 90.0586868
990 132.227984 74.8929008
502 127.433042 121.748847
327 77.4381808 110.266842
4 65.5842193 33.6050438
228 35.6835784 78.8233734
642 25.4083603 146.491627
885 40.213664 35.9386994
539 129.245358 127.325932
202 140.364169 43.7290198
593 67.5164189 131.416908
521 130.202439 127.982535
938 141.312659 72.5317869
919 135.851062 33.3900339
528 36.5185121 81.5448162
331 55.6091111 27.2847123
45 94.1975092 116.852728
944 134.546813 143.814966
949 83.8913049 88.4074677
88 95.1626417 58.3134903
878 31.8049294 118.616085
35 39.396258 113.596239
17 105.533478 112.689091
447 98.6229523 49.5750115
498 60.8365036 140.722605
351 44.5120349 78.0579774
774 129.668215 123.296752
116 93.2877195 112.561518
963 93.6174795 65.439021
643 100.451135 31.6876084
781 129.402548 53.4212617
364 125.75731 78.3280771
777 130.067657 72.2908072
15 140.863361 102.039339
910 86.9752472 113.96098
612 93.840763 86.3885096
537 97.1732158 151.808629
970 115.683337 132.378141
510 134.093854 38.7821291
354 107.05297 65.9736308
983 82.6379508 46.0835493
799 141.383789 153.650091
581 114.906017 66.2810487
825 96.3695367 142.410573
526 135.860399 81.307313
176 92.3658923 84.5429369
994 65.4207842 85.7224923
704 127.356378 107.054275
582 84.7874901 150.484225
884 59.0933624 63.1305214
196 106.617993 99.4070416
605 66.8442632 115.686404
430 70.6921152 50.2122756
234 140.472391 33.1833567
700 135.135806 145.589833
702 119.046985 51.4851297
662 70.1724149 129.559311
171 124.688204 150.662829
615 144.578319 111.974423
26 39.4314816 91.2580913
692 83.1225729 150.89491
336 57.0124315 129.367561
464 104.568616 37.4148061
315 79.1546717 106.252172
505 73.4810091 111.741389
842 63.3115409 161.423579
982 134.883852 103.856979
868 79.9644073 152.219729
554 52.4264666 50.798363
199 53.4111622 32.6242221
453 68.9333442 75.294186
451 142.857387 140.636212
950 80.4921245 155.98234
326 114.163159 64.4821655
189 73.9692683 45.0566683
638 92.439653 138.075193
156 82.086112 121.045977
861 75.4161482 152.210075
722 53.324573 31.336968
428 47.9977281 135.627598
677 119.988156 42.1271935
183 68.7463893 35.462285
322 54.2863687 59.3248348
827 50.6372969 153.023892
242 138.694477 152.369445
621 64.8887704 149.206411
960 75.3728162 38.5668881
180 32.0332563 160.240296
382 100.432672 121.733455
853 47.5061752 26.3100265
105 134.015677 118.960938
357 35.6871043 42.2465866
710 31.0872627 125.094422
520 27.2867514 158.523496
920 42.7363096 39.4833609
684 91.1983163 41.4298014
355 32.967272 58.449177
389 106.432457 59.3835861
303 31.7716883 157.478782
501 93.2152707 150.015995
673 44.1885822 163.537546
834 106.73494 143.407842
255 107.605082 32.8488206
595 42.0501962 74.7331491
709 132.903393 49.2776121
100 130.947028 78.1720794
522 124.35962 126.374456
16 71.7741806 85.6574184
231 31.1114964 137.79682
923 79.0719327 132.65547
891 74.5122239 122.424633
165 82.2546804 61.4530582
757 59.8686701 94.9886017
506 49.9918393 95.0390071
76 143.27791 116.532905
246 30.2216708 120.229212
583 117.164542 56.9512448
666 30.3479686 96.1092558
373 85.2331892 81.4161359
504 37.2488485 55.5333516
901 71.0209801 84.0075292
306 62.0528252 56.8764458
821 130.500361 96.7792569
586 100.024038 44.3416548
95 41.283423 29.0334293
524 136.476503 119.373558
716 119.253907 51.8810854
849 141.301305 148.859299
611 113.24859 163.456961
904 119.640143 62.7981263
740 137.019308 117.246481
439 35.2531061 51.4005462
57 30.154639 135.702593
155 138.598407 109.072882
755 117.392421 135.398988
11 58.0396425 117.904074
287 112.216387 53.0460362
435 44.2584494 121.875332
672 58.8714297 103.869339
572 75.3210401 120.798375
890 140.295828 103.086821
975 116.511268 164.515325
914 129.186651 136.406153
119 69.6581299 111.855238
540 89.2044134 141.481142
678 35.5210732 26.8036221
208 109.867298 82.7665014
512 108.731106 134.375057
352 61.1888319 127.033904
948 139.925593 53.3639718
503 61.0020778 37.1533552
288 121.886511 136.17044
560 110.204015 89.6074363
479 63.7191611 87.6484331
826 47.1855034 37.2572735
651 40.7710436 84.7067834
143 142.151394 99.4320131
240 66.2139566 163.007762
102 140.003063 143.870998
69 78.2248763 85.1385767
181 80.2713356 164.579893
175 41.7823739 39.5303792
80 93.2257481 140.415464
596 48.6521881 63.2209572
301 144.129488 81.57804
987 136.263892 107.738067
973 51.740185 52.5323037
981 56.1541368 92.3861257
440 37.3104417 126.585611
110 82.1244604 108.528353
396 69.8018252 47.7436689
637 57.7545009 126.895842
566 126.159784 115.791536
801 109.630469 83.2310949
739 43.9865767 35.2970938
130 109.738066 157.468678
345 83.4994658 143.715826
851 76.3156273 145.668333
489 81.3422322 99.3799826
223 112.518717 106.776055
538 31.9374373 59.3468952
329 102.920071 98.4033735
815 52.3334682 50.2822251
789 27.3187289 47.9465292
269 49.9370302 85.6281733
969 27.2171379 36.473789
271 99.2655816 68.8435268
667 90.9616155 46.932556
350 91.0335167 120.66968
49 70.3616833 139.711165
332 45.9437624 29.4014281
172 131.231777 99.4668727
699 37.7992449 95.2709738
417 139.957634 94.6040216
99 117.394567 162.631318
404 91.7144044 72.0223174
23 110.101955 139.743778
1 37.4447805 65.6849125
127 100.370296 135.950323
657 118.145037 55.8017845
261 111.109927 51.9333688
182 133.23283 32.7552316
328 28.3566596 108.423083
779 59.1787895 95.7703215
646 133.920247 135.483197
756 96.0790827 105.424519
157 116.957635 161.999954
400 134.017128 120.945706
61 86.4433245 159.852117
610 40.2010733 28.2044907
985 126.136939 126.117407
207 29.2389167 38.4022475
941 61.8414945 112.502995
70 144.023648 61.1937635
343 71.6703702 71.1221788
531 42.9881136 141.911027
996 76.967943 85.606299
167 106.982702 116.05511
750 101.978217 147.67422
410 95.5960814 56.9022259
725 116.819715 114.648047
988 143.298207 154.673026
55 57.1709311 149.019948
640 40.9363283 76.9615994
302 51.7059963 119.86332
387 68.61411 119.326859
476 130.506831 101.558676
907 78.896392 94.8547536
294 59.2194908 137.306222
661 126.300667 154.158152
745 114.191126 126.386131
631 142.525907 29.3535608
356 110.993535 87.5889856
419 143.102914 67.8431594
494 94.5452424 52.3288884
625 87.9680741 95.2885001
459 135.020924 70.8252002
636 86.9807407 89.5821512
106 111.325045 153.954459
204 91.6374264 103.63396
344 60.7090449 152.489127
599 75.5544247 90.9238072
515 144.24682 153.606342
497 137.967374 134.77326
162 70.4431273 44.6656582
499 32.5776661 64.5136694
362 112.743377 31.7992904
545 136.510524 120.415009
712 61.6022031 105.040004
257 72.0581105 34.7837927
154 31.0460308 148.458305
715 65.0914004 156.244745
493 53.3876661 87.5140443
836 91.7382539 126.568648
82 36.2798914 94.730491
644 120.291667 35.7096209
391 60.726836 139.764448
696 79.6079446 49.3575049
905 72.5304149 129.889051
81 136.796851 27.6443787
31 108.036335 111.905194
299 101.439942 117.283645
84 87.3206559 26.5320315
754 144.657171 52.7858177
144 107.625832 63.4942555
305 93.8672937 83.2352278
226 71.2471424 117.565633
224 58.9609149 96.0147584
694 144.989063 120.880088
623 111.23375 67.2351278
543 128.621355 114.260329
819 59.1404628 110.692137
243 49.0268737 108.504727
457 69.8129509 123.931083
871 93.9409251 80.5382688
470 111.099057 54.2233927
705 69.8960105 71.8204765
690 67.6283806 108.26376
62 131.900985 150.21919
365 81.7358139 92.1148895
922 70.3582986 58.7442278
838 89.396901 47.8944128
286 45.6601847 122.223049
968 53.6724569 76.1050463
928 144.255856 52.2061893
746 93.5327056 162.947336
892 132.949502 97.7174766
193 81.3013731 139.564208
225 54.2096695 119.910833
573 79.7827776 112.037782
830 119.272601 35.9917637
241 76.6267087 141.887817
783 29.6788504 51.08865
675 70.749989 136.784447
270 61.12317 102.100458
378 46.1526332 115.419777
104 120.379672 119.686761
460 107.171138 72.577406
804 38.5048883 93.392475
53 99.3217648 155.606431
448 123.643453 151.421752
751 59.2775476 95.6830538
29 57.9964652 116.961255
718 107.860951 146.742128
213 46.5140174 43.2848996
624 95.3541658 62.0905643
908 94.8299688 30.4295776
845 131.703968 28.1181011
685 45.005366 161.126693
731 57.0955731 31.5267915
311 30.4998198 87.1252984
866 61.8324672 109.165657
598 108.048923 149.288423
541 105.019765 92.2343792
889 78.1551087 129.620489
654 27.6719424 51.0091607
841 113.550531 50.9583863
446 110.411343 50.7513279
249 73.1617065 67.6824778
376 111.324431 64.7460158
136 137.665889 61.3250584
455 33.4187515 102.076984